Model: LinearRegression
MSE: 601691.2586138474
R2: 0.42128841257002314
